ratio P1 
L2
0.07296670 
0.01885580 
0.00475379
 0.00119096 
0.00029790
 0.00007448

0.02359000 0.00594300 0.00148900 0.00037230 0.00009310 0.00002328 

curl
0.11155700 0.05581560 0.02791220 0.01395670 0.00697840 0.00348921 
0.1653     0.08297    0.04152    0.02077    0.01038    0.005192
 

ratio P2
L2
0.001414000 0.000176600 0.000022100 0.000002770 0.000000344 
0.000441900 0.000055640 0.000006981 0.0000008732 0.00000009953 

curl
0.0170820 0.0043392 0.0010914 0.0002735 0.0000685 0.0000171 
0.006832  0.001721  0.0004317 0.0001081 0.00002704

ratio P3
L2
0.00003615 0.00000226  0.0000001411 0.000000009839 
0.00000579 0.0000003633 0.00000003099 0.00000002305 0.0000000255 

curl
0.0005061  0.00006429  0.000008086 0.000001013 0.0000001267 
0.0001353  0.00001702  0.000002133 0.0000002669 0.00000003338 
