tolerance:10.0e-010
8 4.00311e-06 5.92841e-06 5.47864e-05 0.000113486
16 2.47064e-07 3.61983e-07 6.63307e-06 1.36848e-05
32 1.55414e-08 2.24202e-08 8.15718e-07 1.67734e-06
64 2.9156e-09 2.65748e-09 1.01131e-07 2.07505e-07
128 1.75167e-09 1.60438e-09 1.25922e-08 2.58015e-08

tolerance:10.0e-014
8 4.00311e-06 5.92841e-06 5.47864e-05 0.000113486
16 2.47064e-07 3.61983e-07 6.63307e-06 1.36848e-05
32 1.55414e-08 2.24202e-08 8.15718e-07 1.67734e-06
64 2.9156e-09 2.65748e-09 1.01131e-07 2.07505e-07
128 1.75167e-09 1.60438e-09 1.25922e-08 2.58015e-08

u_exact 3
8 3.33489e-06 6.09232e-06 5.47354e-05 0.000113668
16 2.04372e-07 3.73013e-07 6.63148e-06 1.36905e-05
32 1.28842e-08 2.31247e-08 8.15668e-07 1.67751e-06
64 3.09369e-09 2.78041e-09 1.01129e-07 2.0751e-07
128 1.63783e-09 1.55032e-09 1.25919e-08 2.58019e-08


u_exact 5
8 5.79028e-06 1.06036e-05 0.000135349 0.000346113
16 3.63345e-07 6.63924e-07 1.70205e-05 4.34816e-05
32 3.09909e-08 4.66566e-08 2.13271e-06 5.44794e-06
64 2.305e-08 1.84964e-08 2.6687e-07 6.81771e-07
128 2.55041e-08 2.30159e-08 3.33752e-08 8.52698e-08
