tolerance:1.0e-10  & 1.0e-14
8 0.0106341 0.0101278 0.0149901 0.0174945
16 0.00266643 0.00256423 0.00380377 0.00444336
32 0.00066718 0.000643198 0.000956629 0.00111567
64 0.000166833 0.000160936 0.00023966 0.000279248
128 4.17106e-05 4.02425e-05 5.99558e-05 6.98346e-05
256 1.04278e-05 1.00612e-05 1.49921e-05 1.74602e-05

f interpolate in P5  u_exact in nz
8 0.00616623 0.00522789 0.0124075 0.0100619
16 0.00156233 0.00132238 0.00318896 0.00255167
32 0.000391937 0.00033162 0.000805257 0.000640977
64 9.80703e-05 8.29705e-05 0.000201989 0.000160486
128 2.4523e-05 2.07467e-05 5.05507e-05 4.01399e-05
256 6.13108e-06 5.18694e-06 1.26417e-05 1.00363e-05

u_exact 5

8 0.0235863 0.0197945 0.165279 0.196254
16 0.00594265 0.00497583 0.0829669 0.0983211
32 0.00148863 0.00124574 0.0415247 0.0491865
64 0.000372345 0.000311548 0.0207675 0.0245966
128 9.30979e-05 7.78941e-05 0.0103844 0.0122987
256 2.32752e-05 1.9474e-05 0.00519228 0.0061494
