4 0.589423 0.655462 0.636861 0.666387
4 0.589423 0.655462 0.636861 0.666387
4 0.589423 0.655462 0.636861 0.666387
4 7.07862e+131 4.56585e+131 6.07635e+131 5.71826e+131
4 6.89454e+102 7.77975e+102 1.93506e+103 1.67289e+103
4 6.50697e+131 3.89831e+131 5.57355e+131 5.00183e+131
4 9.48432e+132 1.9999e+133 1.30049e+133 1.99056e+133
4 3.67155e+133 1.9671e+133 3.1951e+133 2.61857e+133
4 3.67155e+133 1.9671e+133 3.1951e+133 2.61857e+133
4 8.51222e+96 5.95402e+96 2.57993e+97 1.80843e+97
4 8.51222e+96 5.95402e+96 2.57993e+97 1.80843e+97
